v 0.000000 2.000000 0.000000
v 0.000000 2.000000 -0.000000
v 0.000000 2.000000 -0.000000
v 0.000000 2.000000 -0.000000
v 0.000000 2.000000 -0.000000
v -0.000000 2.000000 -0.000000
v -0.000000 2.000000 -0.000000
v -0.000000 2.000000 -0.000000
v -0.000000 2.000000 -0.000000
v -0.000000 2.000000 0.000000
v -0.000000 2.000000 0.000000
v -0.000000 2.000000 0.000000
v -0.000000 2.000000 0.000000
v 0.000000 2.000000 0.000000
v 0.000000 2.000000 0.000000
v 0.000000 2.000000 0.000000
v 0.620273 2.185820 0.000000
v 0.573058 2.185820 -0.237368
v 0.438600 2.185820 -0.438600
v 0.237368 2.185820 -0.573058
v 0.000000 2.185820 -0.620273
v -0.237368 2.185820 -0.573058
v -0.438600 2.185820 -0.438600
v -0.573058 2.185820 -0.237368
v -0.620273 2.185820 -0.000000
v -0.573058 2.185820 0.237368
v -0.438600 2.185820 0.438600
v -0.237368 2.185820 0.573058
v -0.000000 2.185820 0.620273
v 0.237368 2.185820 0.573058
v 0.438600 2.185820 0.438600
v 0.573058 2.185820 0.237368
v 1.227188 2.364063 0.000000
v 1.133773 2.364063 -0.469624
v 0.867753 2.364063 -0.867753
v 0.469624 2.364063 -1.133773
v 0.000000 2.364063 -1.227188
v -0.469624 2.364063 -1.133773
v -0.867753 2.364063 -0.867753
v -1.133773 2.364063 -0.469624
v -1.227188 2.364063 -0.000000
v -1.133773 2.364063 0.469624
v -0.867753 2.364063 0.867753
v -0.469624 2.364063 1.133773
v -0.000000 2.364063 1.227188
v 0.469624 2.364063 1.133773
v 0.867753 2.364063 0.867753
v 1.133773 2.364063 0.469624
v 1.803170 2.524815 0.000000
v 1.665912 2.524815 -0.690043
v 1.275034 2.524815 -1.275034
v 0.690043 2.524815 -1.665912
v -0.000000 2.524815 -1.803170
v -0.690043 2.524815 -1.665912
v -1.275034 2.524815 -1.275034
v -1.665912 2.524815 -0.690043
v -1.803170 2.524815 -0.000000
v -1.665912 2.524815 0.690043
v -1.275034 2.524815 1.275034
v -0.690043 2.524815 1.665912
v -0.000000 2.524815 1.803170
v 0.690043 2.524815 1.665912
v 1.275034 2.524815 1.275034
v 1.665912 2.524815 0.690043
v 2.347500 2.667500 0.000000
v 2.168807 2.667500 -0.898349
v 1.659933 2.667500 -1.659933
v 0.898349 2.667500 -2.168807
v -0.000000 2.667500 -2.347500
v -0.898349 2.667500 -2.168807
v -1.659933 2.667500 -1.659933
v -2.168807 2.667500 -0.898349
v -2.347500 2.667500 -0.000000
v -2.168807 2.667500 0.898349
v -1.659933 2.667500 1.659933
v -0.898349 2.667500 2.168807
v -0.000000 2.667500 2.347500
v 0.898349 2.667500 2.168807
v 1.659933 2.667500 1.659933
v 2.168807 2.667500 0.898349
v 2.872092 2.798536 0.000000
v 2.653467 2.798536 -1.099102
v 2.030876 2.798536 -2.030876
v 1.099102 2.798536 -2.653467
v -0.000000 2.798536 -2.872092
v -1.099102 2.798536 -2.653467
v -2.030876 2.798536 -2.030876
v -2.653467 2.798536 -1.099102
v -2.872092 2.798536 -0.000000
v -2.653467 2.798536 1.099102
v -2.030876 2.798536 2.030876
v -1.099102 2.798536 2.653467
v -0.000000 2.798536 2.872092
v 1.099102 2.798536 2.653467
v 2.030876 2.798536 2.030876
v 2.653467 2.798536 1.099102
v 3.321462 2.887015 0.000000
v 3.068631 2.887015 -1.271068
v 2.348628 2.887015 -2.348628
v 1.271068 2.887015 -3.068631
v -0.000000 2.887015 -3.321462
v -1.271068 2.887015 -3.068631
v -2.348628 2.887015 -2.348628
v -3.068631 2.887015 -1.271068
v -3.321462 2.887015 0.000000
v -3.068631 2.887015 1.271068
v -2.348628 2.887015 2.348628
v -1.271068 2.887015 3.068631
v -0.000000 2.887015 3.321462
v 1.271068 2.887015 3.068631
v 2.348628 2.887015 2.348628
v 3.068631 2.887015 1.271068
v 3.669613 2.918360 0.000000
v 3.390281 2.918360 -1.404300
v 2.594808 2.918360 -2.594808
v 1.404300 2.918360 -3.390281
v -0.000000 2.918360 -3.669613
v -1.404300 2.918360 -3.390281
v -2.594808 2.918360 -2.594808
v -3.390281 2.918360 -1.404300
v -3.669613 2.918360 -0.000000
v -3.390281 2.918360 1.404300
v -2.594808 2.918360 2.594808
v -1.404300 2.918360 3.390281
v -0.000000 2.918360 3.669613
v 1.404300 2.918360 3.390281
v 2.594808 2.918360 2.594808
v 3.390281 2.918360 1.404300
v 3.840000 2.850000 0.000000
v 3.547697 2.850000 -1.469504
v 2.715290 2.850000 -2.715290
v 1.469504 2.850000 -3.547697
v 0.000000 2.850000 -3.840000
v -1.469504 2.850000 -3.547697
v -2.715290 2.850000 -2.715290
v -3.547697 2.850000 -1.469504
v -3.840000 2.850000 0.000000
v -3.547697 2.850000 1.469504
v -2.715290 2.850000 2.715290
v -1.469504 2.850000 3.547697
v -0.000000 2.850000 3.840000
v 1.469504 2.850000 3.547697
v 2.715290 2.850000 2.715290
v 3.547697 2.850000 1.469504
v 3.701314 2.609033 0.000000
v 3.419568 2.609033 -1.416432
v 2.617224 2.609033 -2.617224
v 1.416432 2.609033 -3.419568
v 0.000000 2.609033 -3.701314
v -1.416432 2.609033 -3.419568
v -2.617224 2.609033 -2.617224
v -3.419568 2.609033 -1.416432
v -3.701314 2.609033 -0.000000
v -3.419568 2.609033 1.416432
v -2.617224 2.609033 2.617224
v -1.416432 2.609033 3.419568
v -0.000000 2.609033 3.701314
v 1.416432 2.609033 3.419568
v 2.617224 2.609033 2.617224
v 3.419568 2.609033 1.416432
v 3.391844 2.271867 0.000000
v 3.133655 2.271867 -1.298003
v 2.398396 2.271867 -2.398396
v 1.298003 2.271867 -3.133655
v 0.000000 2.271867 -3.391844
v -1.298003 2.271867 -3.133655
v -2.398396 2.271867 -2.398396
v -3.133655 2.271867 -1.298003
v -3.391844 2.271867 0.000000
v -3.133655 2.271867 1.298003
v -2.398396 2.271867 2.398396
v -1.298003 2.271867 3.133655
v -0.000000 2.271867 3.391844
v 1.298003 2.271867 3.133655
v 2.398396 2.271867 2.398396
v 3.133655 2.271867 1.298003
v 2.999018 1.886248 0.000000
v 2.770731 1.886248 -1.147675
v 2.120626 1.886248 -2.120626
v 1.147675 1.886248 -2.770731
v 0.000000 1.886248 -2.999018
v -1.147675 1.886248 -2.770731
v -2.120626 1.886248 -2.120626
v -2.770731 1.886248 -1.147675
v -2.999018 1.886248 -0.000000
v -2.770731 1.886248 1.147675
v -2.120626 1.886248 2.120626
v -1.147675 1.886248 2.770731
v 0.000000 1.886248 2.999018
v 1.147675 1.886248 2.770731
v 2.120626 1.886248 2.120626
v 2.770731 1.886248 1.147675
v 2.544112 1.465263 0.000000
v 2.350453 1.465263 -0.973589
v 1.798959 1.465263 -1.798959
v 0.973589 1.465263 -2.350453
v 0.000000 1.465263 -2.544112
v -0.973589 1.465263 -2.350453
v -1.798959 1.465263 -1.798959
v -2.350453 1.465263 -0.973589
v -2.544112 1.465263 0.000000
v -2.350453 1.465263 0.973589
v -1.798959 1.465263 1.798959
v -0.973589 1.465263 2.350453
v -0.000000 1.465263 2.544112
v 0.973589 1.465263 2.350453
v 1.798959 1.465263 1.798959
v 2.350453 1.465263 0.973589
v 2.066186 1.033333 -0.000000
v 1.908907 1.033333 -0.790695
v 1.461014 1.033333 -1.461014
v 0.790695 1.033333 -1.908907
v 0.000000 1.033333 -2.066186
v -0.790695 1.033333 -1.908907
v -1.461014 1.033333 -1.461014
v -1.908907 1.033333 -0.790695
v -2.066186 1.033333 -0.000000
v -1.908907 1.033333 0.790695
v -1.461014 1.033333 1.461014
v -0.790695 1.033333 1.908907
v 0.000000 1.033333 2.066186
v 0.790695 1.033333 1.908907
v 1.461014 1.033333 1.461014
v 1.908907 1.033333 0.790695
v 1.599313 0.604203 0.000000
v 1.477573 0.604203 -0.612031
v 1.130885 0.604203 -1.130885
v 0.612031 0.604203 -1.477573
v 0.000000 0.604203 -1.599313
v -0.612031 0.604203 -1.477573
v -1.130885 0.604203 -1.130885
v -1.477573 0.604203 -0.612031
v -1.599313 0.604203 0.000000
v -1.477573 0.604203 0.612031
v -1.130885 0.604203 1.130885
v -0.612031 0.604203 1.477573
v -0.000000 0.604203 1.599313
v 0.612031 0.604203 1.477573
v 1.130885 0.604203 1.130885
v 1.477573 0.604203 0.612031
v 1.162897 0.186956 0.000000
v 1.074377 0.186956 -0.445021
v 0.822292 0.186956 -0.822292
v 0.445021 0.186956 -1.074377
v 0.000000 0.186956 -1.162897
v -0.445021 0.186956 -1.074377
v -0.822292 0.186956 -0.822292
v -1.074377 0.186956 -0.445021
v -1.162897 0.186956 -0.000000
v -1.074377 0.186956 0.445021
v -0.822292 0.186956 0.822292
v -0.445021 0.186956 1.074377
v 0.000000 0.186956 1.162897
v 0.445021 0.186956 1.074377
v 0.822292 0.186956 0.822292
v 1.074377 0.186956 0.445021
v 0.840000 -0.180000 0.000000
v 0.776059 -0.180000 -0.321454
v 0.593970 -0.180000 -0.593970
v 0.321454 -0.180000 -0.776059
v 0.000000 -0.180000 -0.840000
v -0.321454 -0.180000 -0.776059
v -0.593970 -0.180000 -0.593970
v -0.776059 -0.180000 -0.321454
v -0.840000 -0.180000 -0.000000
v -0.776059 -0.180000 0.321454
v -0.593970 -0.180000 0.593970
v -0.321454 -0.180000 0.776059
v -0.000000 -0.180000 0.840000
v 0.321454 -0.180000 0.776059
v 0.593970 -0.180000 0.593970
v 0.776059 -0.180000 0.321454
v 0.760179 -0.438938 -0.000000
v 0.702314 -0.438938 -0.290908
v 0.537528 -0.438938 -0.537528
v 0.290908 -0.438938 -0.702314
v 0.000000 -0.438938 -0.760179
v -0.290908 -0.438938 -0.702314
v -0.537528 -0.438938 -0.537528
v -0.702314 -0.438938 -0.290908
v -0.760179 -0.438938 -0.000000
v -0.702314 -0.438938 0.290908
v -0.537528 -0.438938 0.537528
v -0.290908 -0.438938 0.702314
v 0.000000 -0.438938 0.760179
v 0.290908 -0.438938 0.702314
v 0.537528 -0.438938 0.537528
v 0.702314 -0.438938 0.290908
v 0.803352 -0.638743 0.000000
v 0.742200 -0.638743 -0.307429
v 0.568056 -0.638743 -0.568056
v 0.307429 -0.638743 -0.742200
v 0.000000 -0.638743 -0.803352
v -0.307429 -0.638743 -0.742200
v -0.568056 -0.638743 -0.568056
v -0.742200 -0.638743 -0.307429
v -0.803352 -0.638743 -0.000000
v -0.742200 -0.638743 0.307429
v -0.568056 -0.638743 0.568056
v -0.307429 -0.638743 0.742200
v -0.000000 -0.638743 0.803352
v 0.307429 -0.638743 0.742200
v 0.568056 -0.638743 0.568056
v 0.742200 -0.638743 0.307429
v 0.898303 -0.806762 0.000000
v 0.829923 -0.806762 -0.343766
v 0.635196 -0.806762 -0.635196
v 0.343766 -0.806762 -0.829923
v 0.000000 -0.806762 -0.898303
v -0.343766 -0.806762 -0.829923
v -0.635196 -0.806762 -0.635196
v -0.829923 -0.806762 -0.343766
v -0.898303 -0.806762 -0.000000
v -0.829923 -0.806762 0.343766
v -0.635196 -0.806762 0.635196
v -0.343766 -0.806762 0.829923
v 0.000000 -0.806762 0.898303
v 0.343766 -0.806762 0.829923
v 0.635196 -0.806762 0.635196
v 0.829923 -0.806762 0.343766
v 1.027995 -0.949870 0.000000
v 0.949744 -0.949870 -0.393397
v 0.726902 -0.949870 -0.726902
v 0.393397 -0.949870 -0.949744
v 0.000000 -0.949870 -1.027995
v -0.393397 -0.949870 -0.949744
v -0.726902 -0.949870 -0.726902
v -0.949744 -0.949870 -0.393397
v -1.027995 -0.949870 -0.000000
v -0.949744 -0.949870 0.393397
v -0.726902 -0.949870 0.726902
v -0.393397 -0.949870 0.949744
v 0.000000 -0.949870 1.027995
v 0.393397 -0.949870 0.949744
v 0.726902 -0.949870 0.726902
v 0.949744 -0.949870 0.393397
v 1.153620 -1.086235 -0.000000
v 1.065806 -1.086235 -0.441471
v 0.815732 -1.086235 -0.815732
v 0.441471 -1.086235 -1.065806
v 0.000000 -1.086235 -1.153620
v -0.441471 -1.086235 -1.065806
v -0.815732 -1.086235 -0.815732
v -1.065806 -1.086235 -0.441471
v -1.153620 -1.086235 -0.000000
v -1.065806 -1.086235 0.441471
v -0.815732 -1.086235 0.815732
v -0.441471 -1.086235 1.065806
v -0.000000 -1.086235 1.153620
v 0.441471 -1.086235 1.065806
v 0.815732 -1.086235 0.815732
v 1.065806 -1.086235 0.441471
v 1.269281 -1.209320 0.000000
v 1.172663 -1.209320 -0.485733
v 0.897517 -1.209320 -0.897517
v 0.485733 -1.209320 -1.172663
v -0.000000 -1.209320 -1.269281
v -0.485733 -1.209320 -1.172663
v -0.897517 -1.209320 -0.897517
v -1.172663 -1.209320 -0.485733
v -1.269281 -1.209320 -0.000000
v -1.172663 -1.209320 0.485733
v -0.897517 -1.209320 0.897517
v -0.485733 -1.209320 1.172663
v -0.000000 -1.209320 1.269281
v 0.485733 -1.209320 1.172663
v 0.897517 -1.209320 0.897517
v 1.172663 -1.209320 0.485733
v 1.370285 -1.316735 0.000000
v 1.265978 -1.316735 -0.524385
v 0.968938 -1.316735 -0.968938
v 0.524385 -1.316735 -1.265978
v 0.000000 -1.316735 -1.370285
v -0.524385 -1.316735 -1.265978
v -0.968938 -1.316735 -0.968938
v -1.265978 -1.316735 -0.524385
v -1.370285 -1.316735 0.000000
v -1.265978 -1.316735 0.524385
v -0.968938 -1.316735 0.968938
v -0.524385 -1.316735 1.265978
v -0.000000 -1.316735 1.370285
v 0.524385 -1.316735 1.265978
v 0.968938 -1.316735 0.968938
v 1.265978 -1.316735 0.524385
v 1.414214 -1.414214 0.000000
v 1.306563 -1.414214 -0.541196
v 1.000000 -1.414214 -1.000000
v 0.541196 -1.414214 -1.306563
v 0.000000 -1.414214 -1.414214
v -0.541196 -1.414214 -1.306563
v -1.000000 -1.414214 -1.000000
v -1.306563 -1.414214 -0.541196
v -1.414214 -1.414214 -0.000000
v -1.306563 -1.414214 0.541196
v -1.000000 -1.414214 1.000000
v -0.541196 -1.414214 1.306563
v 0.000000 -1.414214 1.414214
v 0.541196 -1.414214 1.306563
v 1.000000 -1.414214 1.000000
v 1.306563 -1.414214 0.541196
v 1.338584 -1.507407 -0.000000
v 1.236690 -1.507407 -0.512254
v 0.946522 -1.507407 -0.946522
v 0.512254 -1.507407 -1.236690
v 0.000000 -1.507407 -1.338584
v -0.512254 -1.507407 -1.236690
v -0.946522 -1.507407 -0.946522
v -1.236690 -1.507407 -0.512254
v -1.338584 -1.507407 -0.000000
v -1.236690 -1.507407 0.512254
v -0.946522 -1.507407 0.946522
v -0.512254 -1.507407 1.236690
v -0.000000 -1.507407 1.338584
v 0.512254 -1.507407 1.236690
v 0.946522 -1.507407 0.946522
v 1.236690 -1.507407 0.512254
v 1.198899 -1.594172 -0.000000
v 1.107638 -1.594172 -0.458799
v 0.847749 -1.594172 -0.847749
v 0.458799 -1.594172 -1.107638
v -0.000000 -1.594172 -1.198899
v -0.458799 -1.594172 -1.107638
v -0.847749 -1.594172 -0.847749
v -1.107638 -1.594172 -0.458799
v -1.198899 -1.594172 -0.000000
v -1.107638 -1.594172 0.458799
v -0.847749 -1.594172 0.847749
v -0.458799 -1.594172 1.107638
v -0.000000 -1.594172 1.198899
v 0.458799 -1.594172 1.107638
v 0.847749 -1.594172 0.847749
v 1.107638 -1.594172 0.458799
v 1.026694 -1.673947 0.000000
v 0.948541 -1.673947 -0.392899
v 0.725982 -1.673947 -0.725982
v 0.392899 -1.673947 -0.948541
v 0.000000 -1.673947 -1.026694
v -0.392899 -1.673947 -0.948541
v -0.725982 -1.673947 -0.725982
v -0.948541 -1.673947 -0.392899
v -1.026694 -1.673947 0.000000
v -0.948541 -1.673947 0.392899
v -0.725982 -1.673947 0.725982
v -0.392899 -1.673947 0.948541
v -0.000000 -1.673947 1.026694
v 0.392899 -1.673947 0.948541
v 0.725982 -1.673947 0.725982
v 0.948541 -1.673947 0.392899
v 0.831383 -1.747633 0.000000
v 0.768098 -1.747633 -0.318157
v 0.587877 -1.747633 -0.587877
v 0.318157 -1.747633 -0.768098
v 0.000000 -1.747633 -0.831383
v -0.318157 -1.747633 -0.768098
v -0.587877 -1.747633 -0.587877
v -0.768098 -1.747633 -0.318157
v -0.831383 -1.747633 -0.000000
v -0.768098 -1.747633 0.318157
v -0.587877 -1.747633 0.587877
v -0.318157 -1.747633 0.768098
v 0.000000 -1.747633 0.831383
v 0.318157 -1.747633 0.768098
v 0.587877 -1.747633 0.587877
v 0.768098 -1.747633 0.318157
v 0.635287 -1.815280 -0.000000
v 0.586929 -1.815280 -0.243114
v 0.449216 -1.815280 -0.449216
v 0.243114 -1.815280 -0.586929
v 0.000000 -1.815280 -0.635287
v -0.243114 -1.815280 -0.586929
v -0.449216 -1.815280 -0.449216
v -0.586929 -1.815280 -0.243114
v -0.635287 -1.815280 -0.000000
v -0.586929 -1.815280 0.243114
v -0.449216 -1.815280 0.449216
v -0.243114 -1.815280 0.586929
v -0.000000 -1.815280 0.635287
v 0.243114 -1.815280 0.586929
v 0.449216 -1.815280 0.449216
v 0.586929 -1.815280 0.243114
v 0.431226 -1.878883 0.000000
v 0.398401 -1.878883 -0.165023
v 0.304923 -1.878883 -0.304923
v 0.165023 -1.878883 -0.398401
v -0.000000 -1.878883 -0.431226
v -0.165023 -1.878883 -0.398401
v -0.304923 -1.878883 -0.304923
v -0.398401 -1.878883 -0.165023
v -0.431226 -1.878883 -0.000000
v -0.398401 -1.878883 0.165023
v -0.304923 -1.878883 0.304923
v -0.165023 -1.878883 0.398401
v -0.000000 -1.878883 0.431226
v 0.165023 -1.878883 0.398401
v 0.304923 -1.878883 0.304923
v 0.398401 -1.878883 0.165023
v 0.217555 -1.940075 0.000000
v 0.200995 -1.940075 -0.083255
v 0.153835 -1.940075 -0.153835
v 0.083255 -1.940075 -0.200995
v 0.000000 -1.940075 -0.217555
v -0.083255 -1.940075 -0.200995
v -0.153835 -1.940075 -0.153835
v -0.200995 -1.940075 -0.083255
v -0.217555 -1.940075 0.000000
v -0.200995 -1.940075 0.083255
v -0.153835 -1.940075 0.153835
v -0.083255 -1.940075 0.200995
v -0.000000 -1.940075 0.217555
v 0.083255 -1.940075 0.200995
v 0.153835 -1.940075 0.153835
v 0.200995 -1.940075 0.083255
v 0.000000 -2.000000 0.000000
v 0.000000 -2.000000 -0.000000
v 0.000000 -2.000000 -0.000000
v 0.000000 -2.000000 -0.000000
v 0.000000 -2.000000 -0.000000
v -0.000000 -2.000000 -0.000000
v -0.000000 -2.000000 -0.000000
v -0.000000 -2.000000 -0.000000
v -0.000000 -2.000000 -0.000000
v -0.000000 -2.000000 0.000000
v -0.000000 -2.000000 0.000000
v -0.000000 -2.000000 0.000000
v 0.000000 -2.000000 0.000000
v 0.000000 -2.000000 0.000000
v 0.000000 -2.000000 0.000000
v 0.000000 -2.000000 0.000000
vn -0.286977 -0.957937 -0.000000
vn -0.265132 -0.957937 0.109821
vn -0.202923 -0.957937 0.202923
vn -0.109821 -0.957937 0.265132
vn -0.000000 -0.957937 0.286977
vn 0.109821 -0.957937 0.265132
vn 0.202923 -0.957937 0.202923
vn 0.265132 -0.957937 0.109821
vn 0.286977 -0.957937 0.000000
vn 0.265132 -0.957937 -0.109821
vn 0.202923 -0.957937 -0.202923
vn 0.109821 -0.957937 -0.265132
vn 0.000000 -0.957937 -0.286977
vn -0.109821 -0.957937 -0.265132
vn -0.202923 -0.957937 -0.202923
vn -0.265132 -0.957937 -0.109821
vn -0.284382 -0.958711 -0.000000
vn -0.262735 -0.958711 0.108828
vn -0.201088 -0.958711 0.201088
vn -0.108828 -0.958711 0.262735
vn -0.000000 -0.958711 0.284382
vn 0.108828 -0.958711 0.262735
vn 0.201088 -0.958711 0.201088
vn 0.262735 -0.958711 0.108828
vn 0.284382 -0.958711 0.000000
vn 0.262735 -0.958711 -0.108828
vn 0.201088 -0.958711 -0.201088
vn 0.108828 -0.958711 -0.262735
vn 0.000000 -0.958711 -0.284382
vn -0.108828 -0.958711 -0.262735
vn -0.201088 -0.958711 -0.201088
vn -0.262735 -0.958711 -0.108828
vn -0.275308 -0.961356 -0.000000
vn -0.254352 -0.961356 0.105356
vn -0.194672 -0.961356 0.194672
vn -0.105356 -0.961356 0.254352
vn -0.000000 -0.961356 0.275308
vn 0.105356 -0.961356 0.254352
vn 0.194672 -0.961356 0.194672
vn 0.254352 -0.961356 0.105356
vn 0.275308 -0.961356 0.000000
vn 0.254352 -0.961356 -0.105356
vn 0.194672 -0.961356 -0.194672
vn 0.105356 -0.961356 -0.254352
vn 0.000000 -0.961356 -0.275308
vn -0.105356 -0.961356 -0.254352
vn -0.194672 -0.961356 -0.194672
vn -0.254352 -0.961356 -0.105356
vn -0.261199 -0.965285 -0.000000
vn -0.241316 -0.965285 0.099956
vn -0.184695 -0.965285 0.184695
vn -0.099956 -0.965285 0.241316
vn -0.000000 -0.965285 0.261199
vn 0.099956 -0.965285 0.241316
vn 0.184695 -0.965285 0.184695
vn 0.241316 -0.965285 0.099956
vn 0.261199 -0.965285 0.000000
vn 0.241316 -0.965285 -0.099956
vn 0.184695 -0.965285 -0.184695
vn 0.099956 -0.965285 -0.241316
vn 0.000000 -0.965285 -0.261199
vn -0.099956 -0.965285 -0.241316
vn -0.184695 -0.965285 -0.184695
vn -0.241316 -0.965285 -0.099956
vn -0.247955 -0.968772 -0.000000
vn -0.229081 -0.968772 0.094888
vn -0.175331 -0.968772 0.175331
vn -0.094888 -0.968772 0.229081
vn 0.000000 -0.968772 0.247955
vn 0.094888 -0.968772 0.229081
vn 0.175331 -0.968772 0.175331
vn 0.229081 -0.968772 0.094888
vn 0.247955 -0.968772 0.000000
vn 0.229081 -0.968772 -0.094888
vn 0.175331 -0.968772 -0.175331
vn 0.094888 -0.968772 -0.229081
vn 0.000000 -0.968772 -0.247955
vn -0.094888 -0.968772 -0.229081
vn -0.175331 -0.968772 -0.175331
vn -0.229081 -0.968772 -0.094888
vn -0.217827 -0.975987 -0.000000
vn -0.201246 -0.975987 0.083359
vn -0.154027 -0.975987 0.154027
vn -0.083359 -0.975987 0.201246
vn 0.000000 -0.975987 0.217827
vn 0.083359 -0.975987 0.201246
vn 0.154027 -0.975987 0.154027
vn 0.201246 -0.975987 0.083359
vn 0.217827 -0.975987 0.000000
vn 0.201246 -0.975987 -0.083359
vn 0.154027 -0.975987 -0.154027
vn 0.083359 -0.975987 -0.201246
vn 0.000000 -0.975987 -0.217827
vn -0.083359 -0.975987 -0.201246
vn -0.154027 -0.975987 -0.154027
vn -0.201246 -0.975987 -0.083359
vn -0.141608 -0.989923 -0.000000
vn -0.130829 -0.989923 0.054191
vn -0.100132 -0.989923 0.100132
vn -0.054191 -0.989923 0.130829
vn 0.000000 -0.989923 0.141608
vn 0.054191 -0.989923 0.130829
vn 0.100132 -0.989923 0.100132
vn 0.130829 -0.989923 0.054191
vn 0.141608 -0.989923 0.000000
vn 0.130829 -0.989923 -0.054191
vn 0.100132 -0.989923 -0.100132
vn 0.054191 -0.989923 -0.130829
vn 0.000000 -0.989923 -0.141608
vn -0.054191 -0.989923 -0.130829
vn -0.100132 -0.989923 -0.100132
vn -0.130829 -0.989923 -0.054191
vn 0.145054 -0.989424 0.000000
vn 0.134013 -0.989424 -0.055510
vn 0.102569 -0.989424 -0.102569
vn 0.055510 -0.989424 -0.134013
vn 0.000000 -0.989424 -0.145054
vn -0.055510 -0.989424 -0.134013
vn -0.102569 -0.989424 -0.102569
vn -0.134013 -0.989424 -0.055510
vn -0.145054 -0.989424 -0.000000
vn -0.134013 -0.989424 0.055510
vn -0.102569 -0.989424 0.102569
vn -0.055510 -0.989424 0.134013
vn -0.000000 -0.989424 0.145054
vn 0.055510 -0.989424 0.134013
vn 0.102569 -0.989424 0.102569
vn 0.134013 -0.989424 0.055510
vn 0.942634 -0.333828 0.000000
vn 0.870880 -0.333828 -0.360730
vn 0.666543 -0.333828 -0.666543
vn 0.360730 -0.333828 -0.870880
vn 0.000000 -0.333828 -0.942634
vn -0.360730 -0.333828 -0.870880
vn -0.666543 -0.333828 -0.666543
vn -0.870880 -0.333828 -0.360730
vn -0.942634 -0.333828 -0.000000
vn -0.870880 -0.333828 0.360730
vn -0.666543 -0.333828 0.666543
vn -0.360730 -0.333828 0.870880
vn -0.000000 -0.333828 0.942634
vn 0.360730 -0.333828 0.870880
vn 0.666543 -0.333828 0.666543
vn 0.870880 -0.333828 0.360730
vn 0.806470 0.591275 0.000000
vn 0.745081 0.591275 -0.308623
vn 0.570260 0.591275 -0.570260
vn 0.308623 0.591275 -0.745081
vn 0.000000 0.591275 -0.806470
vn -0.308623 0.591275 -0.745081
vn -0.570260 0.591275 -0.570260
vn -0.745081 0.591275 -0.308623
vn -0.806470 0.591275 -0.000000
vn -0.745081 0.591275 0.308623
vn -0.570260 0.591275 0.570260
vn -0.308623 0.591275 0.745081
vn -0.000000 0.591275 0.806470
vn 0.308623 0.591275 0.745081
vn 0.570260 0.591275 0.570260
vn 0.745081 0.591275 0.308623
vn 0.718858 0.695157 0.000000
vn 0.664138 0.695157 -0.275095
vn 0.508309 0.695157 -0.508309
vn 0.275095 0.695157 -0.664138
vn 0.000000 0.695157 -0.718858
vn -0.275095 0.695157 -0.664138
vn -0.508309 0.695157 -0.508309
vn -0.664138 0.695157 -0.275095
vn -0.718858 0.695157 -0.000000
vn -0.664138 0.695157 0.275095
vn -0.508309 0.695157 0.508309
vn -0.275095 0.695157 0.664138
vn -0.000000 0.695157 0.718858
vn 0.275095 0.695157 0.664138
vn 0.508309 0.695157 0.508309
vn 0.664138 0.695157 0.275095
vn 0.689943 0.723864 0.000000
vn 0.637424 0.723864 -0.264030
vn 0.487863 0.723864 -0.487863
vn 0.264030 0.723864 -0.637424
vn 0.000000 0.723864 -0.689943
vn -0.264030 0.723864 -0.637424
vn -0.487863 0.723864 -0.487863
vn -0.637424 0.723864 -0.264030
vn -0.689943 0.723864 -0.000000
vn -0.637424 0.723864 0.264030
vn -0.487863 0.723864 0.487863
vn -0.264030 0.723864 0.637424
vn -0.000000 0.723864 0.689943
vn 0.264030 0.723864 0.637424
vn 0.487863 0.723864 0.487863
vn 0.637424 0.723864 0.264030
vn 0.674870 0.737937 0.000000
vn 0.623499 0.737937 -0.258262
vn 0.477205 0.737937 -0.477205
vn 0.258262 0.737937 -0.623499
vn 0.000000 0.737937 -0.674870
vn -0.258262 0.737937 -0.623499
vn -0.477205 0.737937 -0.477205
vn -0.623499 0.737937 -0.258262
vn -0.674870 0.737937 -0.000000
vn -0.623499 0.737937 0.258262
vn -0.477205 0.737937 0.477205
vn -0.258262 0.737937 0.623499
vn -0.000000 0.737937 0.674870
vn 0.258262 0.737937 0.623499
vn 0.477205 0.737937 0.477205
vn 0.623499 0.737937 0.258262
vn 0.673619 0.739079 0.000000
vn 0.622342 0.739079 -0.257783
vn 0.476320 0.739079 -0.476320
vn 0.257783 0.739079 -0.622342
vn 0.000000 0.739079 -0.673619
vn -0.257783 0.739079 -0.622342
vn -0.476320 0.739079 -0.476320
vn -0.622342 0.739079 -0.257783
vn -0.673619 0.739079 -0.000000
vn -0.622342 0.739079 0.257783
vn -0.476320 0.739079 0.476320
vn -0.257783 0.739079 0.622342
vn -0.000000 0.739079 0.673619
vn 0.257783 0.739079 0.622342
vn 0.476320 0.739079 0.476320
vn 0.622342 0.739079 0.257783
vn 0.683919 0.729558 0.000000
vn 0.631859 0.729558 -0.261724
vn 0.483604 0.729558 -0.483604
vn 0.261724 0.729558 -0.631859
vn 0.000000 0.729558 -0.683919
vn -0.261724 0.729558 -0.631859
vn -0.483604 0.729558 -0.483604
vn -0.631859 0.729558 -0.261724
vn -0.683919 0.729558 -0.000000
vn -0.631859 0.729558 0.261724
vn -0.483604 0.729558 0.483604
vn -0.261724 0.729558 0.631859
vn -0.000000 0.729558 0.683919
vn 0.261724 0.729558 0.631859
vn 0.483604 0.729558 0.483604
vn 0.631859 0.729558 0.261724
vn 0.721542 0.692371 0.000000
vn 0.666618 0.692371 -0.276122
vn 0.510207 0.692371 -0.510207
vn 0.276122 0.692371 -0.666618
vn 0.000000 0.692371 -0.721542
vn -0.276122 0.692371 -0.666618
vn -0.510207 0.692371 -0.510207
vn -0.666618 0.692371 -0.276122
vn -0.721542 0.692371 -0.000000
vn -0.666618 0.692371 0.276122
vn -0.510207 0.692371 0.510207
vn -0.276122 0.692371 0.666618
vn -0.000000 0.692371 0.721542
vn 0.276122 0.692371 0.666618
vn 0.510207 0.692371 0.510207
vn 0.666618 0.692371 0.276122
vn 0.872236 0.489084 0.000000
vn 0.805841 0.489084 -0.333790
vn 0.616764 0.489084 -0.616764
vn 0.333790 0.489084 -0.805841
vn 0.000000 0.489084 -0.872236
vn -0.333790 0.489084 -0.805841
vn -0.616764 0.489084 -0.616764
vn -0.805841 0.489084 -0.333790
vn -0.872236 0.489084 -0.000000
vn -0.805841 0.489084 0.333790
vn -0.616764 0.489084 0.616764
vn -0.333790 0.489084 0.805841
vn -0.000000 0.489084 0.872236
vn 0.333790 0.489084 0.805841
vn 0.616764 0.489084 0.616764
vn 0.805841 0.489084 0.333790
vn 0.999066 0.043199 0.000000
vn 0.923017 0.043199 -0.382326
vn 0.706447 0.043199 -0.706447
vn 0.382326 0.043199 -0.923017
vn 0.000000 0.043199 -0.999066
vn -0.382326 0.043199 -0.923017
vn -0.706447 0.043199 -0.706447
vn -0.923017 0.043199 -0.382326
vn -0.999066 0.043199 -0.000000
vn -0.923017 0.043199 0.382326
vn -0.706447 0.043199 0.706447
vn -0.382326 0.043199 0.923017
vn -0.000000 0.043199 0.999066
vn 0.382326 0.043199 0.923017
vn 0.706447 0.043199 0.706447
vn 0.923017 0.043199 0.382326
vn 0.934524 -0.355901 0.000000
vn 0.863387 -0.355901 -0.357627
vn 0.660808 -0.355901 -0.660808
vn 0.357627 -0.355901 -0.863387
vn 0.000000 -0.355901 -0.934524
vn -0.357627 -0.355901 -0.863387
vn -0.660808 -0.355901 -0.660808
vn -0.863387 -0.355901 -0.357627
vn -0.934524 -0.355901 -0.000000
vn -0.863387 -0.355901 0.357627
vn -0.660808 -0.355901 0.660808
vn -0.357627 -0.355901 0.863387
vn -0.000000 -0.355901 0.934524
vn 0.357627 -0.355901 0.863387
vn 0.660808 -0.355901 0.660808
vn 0.863387 -0.355901 0.357627
vn 0.810646 -0.585537 0.000000
vn 0.748939 -0.585537 -0.310221
vn 0.573213 -0.585537 -0.573213
vn 0.310221 -0.585537 -0.748939
vn 0.000000 -0.585537 -0.810646
vn -0.310221 -0.585537 -0.748939
vn -0.573213 -0.585537 -0.573213
vn -0.748939 -0.585537 -0.310221
vn -0.810646 -0.585537 -0.000000
vn -0.748939 -0.585537 0.310221
vn -0.573213 -0.585537 0.573213
vn -0.310221 -0.585537 0.748939
vn -0.000000 -0.585537 0.810646
vn 0.310221 -0.585537 0.748939
vn 0.573213 -0.585537 0.573213
vn 0.748939 -0.585537 0.310221
vn 0.738236 -0.674542 0.000000
vn 0.682041 -0.674542 -0.282511
vn 0.522012 -0.674542 -0.522012
vn 0.282511 -0.674542 -0.682041
vn 0.000000 -0.674542 -0.738236
vn -0.282511 -0.674542 -0.682041
vn -0.522012 -0.674542 -0.522012
vn -0.682041 -0.674542 -0.282511
vn -0.738236 -0.674542 -0.000000
vn -0.682041 -0.674542 0.282511
vn -0.522012 -0.674542 0.522012
vn -0.282511 -0.674542 0.682041
vn -0.000000 -0.674542 0.738236
vn 0.282511 -0.674542 0.682041
vn 0.522012 -0.674542 0.522012
vn 0.682041 -0.674542 0.282511
vn 0.732118 -0.681178 0.000000
vn 0.676389 -0.681178 -0.280169
vn 0.517686 -0.681178 -0.517686
vn 0.280169 -0.681178 -0.676389
vn 0.000000 -0.681178 -0.732118
vn -0.280169 -0.681178 -0.676389
vn -0.517686 -0.681178 -0.517686
vn -0.676389 -0.681178 -0.280169
vn -0.732118 -0.681178 -0.000000
vn -0.676389 -0.681178 0.280169
vn -0.517686 -0.681178 0.517686
vn -0.280169 -0.681178 0.676389
vn -0.000000 -0.681178 0.732118
vn 0.280169 -0.681178 0.676389
vn 0.517686 -0.681178 0.517686
vn 0.676389 -0.681178 0.280169
vn 0.728628 -0.684909 0.000000
vn 0.673165 -0.684909 -0.278834
vn 0.515218 -0.684909 -0.515218
vn 0.278834 -0.684909 -0.673165
vn 0.000000 -0.684909 -0.728628
vn -0.278834 -0.684909 -0.673165
vn -0.515218 -0.684909 -0.515218
vn -0.673165 -0.684909 -0.278834
vn -0.728628 -0.684909 -0.000000
vn -0.673165 -0.684909 0.278834
vn -0.515218 -0.684909 0.515218
vn -0.278834 -0.684909 0.673165
vn -0.000000 -0.684909 0.728628
vn 0.278834 -0.684909 0.673165
vn 0.515218 -0.684909 0.515218
vn 0.673165 -0.684909 0.278834
vn 0.831216 -0.555949 0.000000
vn 0.767944 -0.555949 -0.318093
vn 0.587759 -0.555949 -0.587759
vn 0.318093 -0.555949 -0.767944
vn 0.000000 -0.555949 -0.831216
vn -0.318093 -0.555949 -0.767944
vn -0.587759 -0.555949 -0.587759
vn -0.767944 -0.555949 -0.318093
vn -0.831216 -0.555949 -0.000000
vn -0.767944 -0.555949 0.318093
vn -0.587759 -0.555949 0.587759
vn -0.318093 -0.555949 0.767944
vn -0.000000 -0.555949 0.831216
vn 0.318093 -0.555949 0.767944
vn 0.587759 -0.555949 0.587759
vn 0.767944 -0.555949 0.318093
vn 0.991494 0.130152 0.000000
vn 0.916021 0.130152 -0.379428
vn 0.701092 0.130152 -0.701092
vn 0.379428 0.130152 -0.916021
vn 0.000000 0.130152 -0.991494
vn -0.379428 0.130152 -0.916021
vn -0.701092 0.130152 -0.701092
vn -0.916021 0.130152 -0.379428
vn -0.991494 0.130152 -0.000000
vn -0.916021 0.130152 0.379428
vn -0.701092 0.130152 0.701092
vn -0.379428 0.130152 0.916021
vn -0.000000 0.130152 0.991494
vn 0.379428 0.130152 0.916021
vn 0.701092 0.130152 0.701092
vn 0.916021 0.130152 0.379428
vn 0.660821 0.750543 0.000000
vn 0.610519 0.750543 -0.252885
vn 0.467271 0.750543 -0.467271
vn 0.252885 0.750543 -0.610519
vn 0.000000 0.750543 -0.660821
vn -0.252885 0.750543 -0.610519
vn -0.467271 0.750543 -0.467271
vn -0.610519 0.750543 -0.252885
vn -0.660821 0.750543 -0.000000
vn -0.610519 0.750543 0.252885
vn -0.467271 0.750543 0.467271
vn -0.252885 0.750543 0.610519
vn -0.000000 0.750543 0.660821
vn 0.252885 0.750543 0.610519
vn 0.467271 0.750543 0.467271
vn 0.610519 0.750543 0.252885
vn 0.474822 0.880082 0.000000
vn 0.438678 0.880082 -0.181706
vn 0.335750 0.880082 -0.335750
vn 0.181706 0.880082 -0.438678
vn 0.000000 0.880082 -0.474822
vn -0.181706 0.880082 -0.438678
vn -0.335750 0.880082 -0.335750
vn -0.438678 0.880082 -0.181706
vn -0.474822 0.880082 -0.000000
vn -0.438678 0.880082 0.181706
vn -0.335750 0.880082 0.335750
vn -0.181706 0.880082 0.438678
vn -0.000000 0.880082 0.474822
vn 0.181706 0.880082 0.438678
vn 0.335750 0.880082 0.335750
vn 0.438678 0.880082 0.181706
vn 0.386908 0.922118 0.000000
vn 0.357457 0.922118 -0.148063
vn 0.273585 0.922118 -0.273585
vn 0.148063 0.922118 -0.357457
vn 0.000000 0.922118 -0.386908
vn -0.148063 0.922118 -0.357457
vn -0.273585 0.922118 -0.273585
vn -0.357457 0.922118 -0.148063
vn -0.386908 0.922118 -0.000000
vn -0.357457 0.922118 0.148063
vn -0.273585 0.922118 0.273585
vn -0.148063 0.922118 0.357457
vn -0.000000 0.922118 0.386908
vn 0.148063 0.922118 0.357457
vn 0.273585 0.922118 0.273585
vn 0.357457 0.922118 0.148063
vn 0.339581 0.940577 0.000000
vn 0.313732 0.940577 -0.129952
vn 0.240120 0.940577 -0.240120
vn 0.129952 0.940577 -0.313732
vn 0.000000 0.940577 -0.339581
vn -0.129952 0.940577 -0.313732
vn -0.240120 0.940577 -0.240120
vn -0.313732 0.940577 -0.129952
vn -0.339581 0.940577 -0.000000
vn -0.313732 0.940577 0.129952
vn -0.240120 0.940577 0.240120
vn -0.129952 0.940577 0.313732
vn -0.000000 0.940577 0.339581
vn 0.129952 0.940577 0.313732
vn 0.240120 0.940577 0.240120
vn 0.313732 0.940577 0.129952
vn 0.311869 0.950125 0.000000
vn 0.288129 0.950125 -0.119347
vn 0.220525 0.950125 -0.220525
vn 0.119347 0.950125 -0.288129
vn 0.000000 0.950125 -0.311869
vn -0.119347 0.950125 -0.288129
vn -0.220525 0.950125 -0.220525
vn -0.288129 0.950125 -0.119347
vn -0.311869 0.950125 -0.000000
vn -0.288129 0.950125 0.119347
vn -0.220525 0.950125 0.220525
vn -0.119347 0.950125 0.288129
vn -0.000000 0.950125 0.311869
vn 0.119347 0.950125 0.288129
vn 0.220525 0.950125 0.220525
vn 0.288129 0.950125 0.119347
vn 0.286460 0.958092 0.000000
vn 0.264654 0.958092 -0.109623
vn 0.202558 0.958092 -0.202558
vn 0.109623 0.958092 -0.264654
vn 0.000000 0.958092 -0.286460
vn -0.109623 0.958092 -0.264654
vn -0.202558 0.958092 -0.202558
vn -0.264654 0.958092 -0.109623
vn -0.286460 0.958092 -0.000000
vn -0.264654 0.958092 0.109623
vn -0.202558 0.958092 0.202558
vn -0.109623 0.958092 0.264654
vn -0.000000 0.958092 0.286460
vn 0.109623 0.958092 0.264654
vn 0.202558 0.958092 0.202558
vn 0.264654 0.958092 0.109623
vn 0.296203 0.954400 0.037209
vn 0.251990 0.963666 -0.088594
vn 0.210905 0.957175 -0.198333
vn 0.088964 0.963251 -0.253442
vn -0.032503 0.960711 -0.275641
vn -0.098424 0.965054 -0.242867
vn -0.194323 0.963512 -0.184071
vn -0.247817 0.964150 -0.094873
vn -0.261094 0.965164 -0.016959
vn -0.254601 0.964450 0.070810
vn -0.201420 0.965062 0.167585
vn -0.106977 0.968254 0.225922
vn 0.001540 0.964919 0.262544
vn 0.087296 0.963035 0.254838
vn 0.156170 0.964429 0.213278
vn 0.256278 0.957465 0.132598
vn 0.316542 0.945659 0.074360
vn 0.249532 0.965708 -0.071704
vn 0.227047 0.952720 -0.201925
vn 0.072363 0.964902 -0.252445
vn -0.064929 0.959055 -0.275675
vn -0.091470 0.968566 -0.231329
vn -0.193946 0.965559 -0.173437
vn -0.241231 0.966794 -0.084364
vn -0.246758 0.968484 -0.033890
vn -0.254537 0.966389 0.036101
vn -0.207999 0.968003 0.140379
vn -0.108505 0.974329 0.197254
vn 0.003079 0.968311 0.249729
vn 0.069228 0.964398 0.255232
vn 0.117414 0.965731 0.231467
vn 0.258013 0.952815 0.159917
f 1 17 18 2
f 2 18 19 3
f 3 19 20 4
f 4 20 21 5
f 5 21 22 6
f 6 22 23 7
f 7 23 24 8
f 8 24 25 9
f 9 25 26 10
f 10 26 27 11
f 11 27 28 12
f 12 28 29 13
f 13 29 30 14
f 14 30 31 15
f 15 31 32 16
f 16 32 17 1
f 17 33 34 18
f 18 34 35 19
f 19 35 36 20
f 20 36 37 21
f 21 37 38 22
f 22 38 39 23
f 23 39 40 24
f 24 40 41 25
f 25 41 42 26
f 26 42 43 27
f 27 43 44 28
f 28 44 45 29
f 29 45 46 30
f 30 46 47 31
f 31 47 48 32
f 32 48 33 17
f 33 49 50 34
f 34 50 51 35
f 35 51 52 36
f 36 52 53 37
f 37 53 54 38
f 38 54 55 39
f 39 55 56 40
f 40 56 57 41
f 41 57 58 42
f 42 58 59 43
f 43 59 60 44
f 44 60 61 45
f 45 61 62 46
f 46 62 63 47
f 47 63 64 48
f 48 64 49 33
f 49 65 66 50
f 50 66 67 51
f 51 67 68 52
f 52 68 69 53
f 53 69 70 54
f 54 70 71 55
f 55 71 72 56
f 56 72 73 57
f 57 73 74 58
f 58 74 75 59
f 59 75 76 60
f 60 76 77 61
f 61 77 78 62
f 62 78 79 63
f 63 79 80 64
f 64 80 65 49
f 65 81 82 66
f 66 82 83 67
f 67 83 84 68
f 68 84 85 69
f 69 85 86 70
f 70 86 87 71
f 71 87 88 72
f 72 88 89 73
f 73 89 90 74
f 74 90 91 75
f 75 91 92 76
f 76 92 93 77
f 77 93 94 78
f 78 94 95 79
f 79 95 96 80
f 80 96 81 65
f 81 97 98 82
f 82 98 99 83
f 83 99 100 84
f 84 100 101 85
f 85 101 102 86
f 86 102 103 87
f 87 103 104 88
f 88 104 105 89
f 89 105 106 90
f 90 106 107 91
f 91 107 108 92
f 92 108 109 93
f 93 109 110 94
f 94 110 111 95
f 95 111 112 96
f 96 112 97 81
f 97 113 114 98
f 98 114 115 99
f 99 115 116 100
f 100 116 117 101
f 101 117 118 102
f 102 118 119 103
f 103 119 120 104
f 104 120 121 105
f 105 121 122 106
f 106 122 123 107
f 107 123 124 108
f 108 124 125 109
f 109 125 126 110
f 110 126 127 111
f 111 127 128 112
f 112 128 113 97
f 113 129 130 114
f 114 130 131 115
f 115 131 132 116
f 116 132 133 117
f 117 133 134 118
f 118 134 135 119
f 119 135 136 120
f 120 136 137 121
f 121 137 138 122
f 122 138 139 123
f 123 139 140 124
f 124 140 141 125
f 125 141 142 126
f 126 142 143 127
f 127 143 144 128
f 128 144 129 113
f 129 145 146 130
f 130 146 147 131
f 131 147 148 132
f 132 148 149 133
f 133 149 150 134
f 134 150 151 135
f 135 151 152 136
f 136 152 153 137
f 137 153 154 138
f 138 154 155 139
f 139 155 156 140
f 140 156 157 141
f 141 157 158 142
f 142 158 159 143
f 143 159 160 144
f 144 160 145 129
f 145 161 162 146
f 146 162 163 147
f 147 163 164 148
f 148 164 165 149
f 149 165 166 150
f 150 166 167 151
f 151 167 168 152
f 152 168 169 153
f 153 169 170 154
f 154 170 171 155
f 155 171 172 156
f 156 172 173 157
f 157 173 174 158
f 158 174 175 159
f 159 175 176 160
f 160 176 161 145
f 161 177 178 162
f 162 178 179 163
f 163 179 180 164
f 164 180 181 165
f 165 181 182 166
f 166 182 183 167
f 167 183 184 168
f 168 184 185 169
f 169 185 186 170
f 170 186 187 171
f 171 187 188 172
f 172 188 189 173
f 173 189 190 174
f 174 190 191 175
f 175 191 192 176
f 176 192 177 161
f 177 193 194 178
f 178 194 195 179
f 179 195 196 180
f 180 196 197 181
f 181 197 198 182
f 182 198 199 183
f 183 199 200 184
f 184 200 201 185
f 185 201 202 186
f 186 202 203 187
f 187 203 204 188
f 188 204 205 189
f 189 205 206 190
f 190 206 207 191
f 191 207 208 192
f 192 208 193 177
f 193 209 210 194
f 194 210 211 195
f 195 211 212 196
f 196 212 213 197
f 197 213 214 198
f 198 214 215 199
f 199 215 216 200
f 200 216 217 201
f 201 217 218 202
f 202 218 219 203
f 203 219 220 204
f 204 220 221 205
f 205 221 222 206
f 206 222 223 207
f 207 223 224 208
f 208 224 209 193
f 209 225 226 210
f 210 226 227 211
f 211 227 228 212
f 212 228 229 213
f 213 229 230 214
f 214 230 231 215
f 215 231 232 216
f 216 232 233 217
f 217 233 234 218
f 218 234 235 219
f 219 235 236 220
f 220 236 237 221
f 221 237 238 222
f 222 238 239 223
f 223 239 240 224
f 224 240 225 209
f 225 241 242 226
f 226 242 243 227
f 227 243 244 228
f 228 244 245 229
f 229 245 246 230
f 230 246 247 231
f 231 247 248 232
f 232 248 249 233
f 233 249 250 234
f 234 250 251 235
f 235 251 252 236
f 236 252 253 237
f 237 253 254 238
f 238 254 255 239
f 239 255 256 240
f 240 256 241 225
f 241 257 258 242
f 242 258 259 243
f 243 259 260 244
f 244 260 261 245
f 245 261 262 246
f 246 262 263 247
f 247 263 264 248
f 248 264 265 249
f 249 265 266 250
f 250 266 267 251
f 251 267 268 252
f 252 268 269 253
f 253 269 270 254
f 254 270 271 255
f 255 271 272 256
f 256 272 257 241
f 257 273 274 258
f 258 274 275 259
f 259 275 276 260
f 260 276 277 261
f 261 277 278 262
f 262 278 279 263
f 263 279 280 264
f 264 280 281 265
f 265 281 282 266
f 266 282 283 267
f 267 283 284 268
f 268 284 285 269
f 269 285 286 270
f 270 286 287 271
f 271 287 288 272
f 272 288 273 257
f 273 289 290 274
f 274 290 291 275
f 275 291 292 276
f 276 292 293 277
f 277 293 294 278
f 278 294 295 279
f 279 295 296 280
f 280 296 297 281
f 281 297 298 282
f 282 298 299 283
f 283 299 300 284
f 284 300 301 285
f 285 301 302 286
f 286 302 303 287
f 287 303 304 288
f 288 304 289 273
f 289 305 306 290
f 290 306 307 291
f 291 307 308 292
f 292 308 309 293
f 293 309 310 294
f 294 310 311 295
f 295 311 312 296
f 296 312 313 297
f 297 313 314 298
f 298 314 315 299
f 299 315 316 300
f 300 316 317 301
f 301 317 318 302
f 302 318 319 303
f 303 319 320 304
f 304 320 305 289
f 305 321 322 306
f 306 322 323 307
f 307 323 324 308
f 308 324 325 309
f 309 325 326 310
f 310 326 327 311
f 311 327 328 312
f 312 328 329 313
f 313 329 330 314
f 314 330 331 315
f 315 331 332 316
f 316 332 333 317
f 317 333 334 318
f 318 334 335 319
f 319 335 336 320
f 320 336 321 305
f 321 337 338 322
f 322 338 339 323
f 323 339 340 324
f 324 340 341 325
f 325 341 342 326
f 326 342 343 327
f 327 343 344 328
f 328 344 345 329
f 329 345 346 330
f 330 346 347 331
f 331 347 348 332
f 332 348 349 333
f 333 349 350 334
f 334 350 351 335
f 335 351 352 336
f 336 352 337 321
f 337 353 354 338
f 338 354 355 339
f 339 355 356 340
f 340 356 357 341
f 341 357 358 342
f 342 358 359 343
f 343 359 360 344
f 344 360 361 345
f 345 361 362 346
f 346 362 363 347
f 347 363 364 348
f 348 364 365 349
f 349 365 366 350
f 350 366 367 351
f 351 367 368 352
f 352 368 353 337
f 353 369 370 354
f 354 370 371 355
f 355 371 372 356
f 356 372 373 357
f 357 373 374 358
f 358 374 375 359
f 359 375 376 360
f 360 376 377 361
f 361 377 378 362
f 362 378 379 363
f 363 379 380 364
f 364 380 381 365
f 365 381 382 366
f 366 382 383 367
f 367 383 384 368
f 368 384 369 353
f 369 385 386 370
f 370 386 387 371
f 371 387 388 372
f 372 388 389 373
f 373 389 390 374
f 374 390 391 375
f 375 391 392 376
f 376 392 393 377
f 377 393 394 378
f 378 394 395 379
f 379 395 396 380
f 380 396 397 381
f 381 397 398 382
f 382 398 399 383
f 383 399 400 384
f 384 400 385 369
f 385 401 402 386
f 386 402 403 387
f 387 403 404 388
f 388 404 405 389
f 389 405 406 390
f 390 406 407 391
f 391 407 408 392
f 392 408 409 393
f 393 409 410 394
f 394 410 411 395
f 395 411 412 396
f 396 412 413 397
f 397 413 414 398
f 398 414 415 399
f 399 415 416 400
f 400 416 401 385
f 401 417 418 402
f 402 418 419 403
f 403 419 420 404
f 404 420 421 405
f 405 421 422 406
f 406 422 423 407
f 407 423 424 408
f 408 424 425 409
f 409 425 426 410
f 410 426 427 411
f 411 427 428 412
f 412 428 429 413
f 413 429 430 414
f 414 430 431 415
f 415 431 432 416
f 416 432 417 401
f 417 433 434 418
f 418 434 435 419
f 419 435 436 420
f 420 436 437 421
f 421 437 438 422
f 422 438 439 423
f 423 439 440 424
f 424 440 441 425
f 425 441 442 426
f 426 442 443 427
f 427 443 444 428
f 428 444 445 429
f 429 445 446 430
f 430 446 447 431
f 431 447 448 432
f 432 448 433 417
f 433 449 450 434
f 434 450 451 435
f 435 451 452 436
f 436 452 453 437
f 437 453 454 438
f 438 454 455 439
f 439 455 456 440
f 440 456 457 441
f 441 457 458 442
f 442 458 459 443
f 443 459 460 444
f 444 460 461 445
f 445 461 462 446
f 446 462 463 447
f 447 463 464 448
f 448 464 449 433
f 449 465 466 450
f 450 466 467 451
f 451 467 468 452
f 452 468 469 453
f 453 469 470 454
f 454 470 471 455
f 455 471 472 456
f 456 472 473 457
f 457 473 474 458
f 458 474 475 459
f 459 475 476 460
f 460 476 477 461
f 461 477 478 462
f 462 478 479 463
f 463 479 480 464
f 464 480 465 449
f 465 481 482 466
f 466 482 483 467
f 467 483 484 468
f 468 484 485 469
f 469 485 486 470
f 470 486 487 471
f 471 487 488 472
f 472 488 489 473
f 473 489 490 474
f 474 490 491 475
f 475 491 492 476
f 476 492 493 477
f 477 493 494 478
f 478 494 495 479
f 479 495 496 480
f 480 496 481 465
f 481 497 498 482
f 482 498 499 483
f 483 499 500 484
f 484 500 501 485
f 485 501 502 486
f 486 502 503 487
f 487 503 504 488
f 488 504 505 489
f 489 505 506 490
f 490 506 507 491
f 491 507 508 492
f 492 508 509 493
f 493 509 510 494
f 494 510 511 495
f 495 511 512 496
f 496 512 497 481
f 497 513 514 498
f 498 514 515 499
f 499 515 516 500
f 500 516 517 501
f 501 517 518 502
f 502 518 519 503
f 503 519 520 504
f 504 520 521 505
f 505 521 522 506
f 506 522 523 507
f 507 523 524 508
f 508 524 525 509
f 509 525 526 510
f 510 526 527 511
f 511 527 528 512
f 512 528 513 497
